718081893378
718081895426
718081899522
718082031618
718082042882
718082125826
718082425858
718082450434
718082496514
718082520066
718082542594
718082603010
718082632706
718082655234
718082670594
718082697218
718082714626
718082781186
718082957314
718083002370
718083110914
718083168258
718083189762
718083694594
718083737602
718084168706
718084234242
718084240386
718084752386
718084987906
718085113858
718085756930
718085817346
718085910530
718085932034
718086072322
718086351874
718086418434
718086596610
718086811650
718086827010
718086930434
718087060482
718087137282
718087226370
718087400450
718087501826
718087553026
718087577602
718090130434
718091335682
718091593730
718091598850
718091918338
718091940866
718091984898
718091992066
718092325890
718092337154
718092479490
718092523522
718092633090
718092704770
718092909570
718092955650
718092965890
718092992514
718093241346
718093362178
718093518850
718093612034
718093646850
718093671426
718093707266
718093819906
718093914114
718093936642
718093952002
718094257154
718094408706
718094419970
718094443522
718094474242
718094551042
718094872578
718094988290
718095004674
718095152130
718095191042
718095197186
718095419394
718095542274
718095571970
718095648770
718095654914
718095668226
718095678466
718095750146
718095774722
718095782914
718095794178
718095825922
718095941634
718095958018
718095977474
718096002050
718096004098
718096007170
718096009218
718096026626
718096056322
718096115714
718096121858
718096134146
718096135170
718096179202
718096247810
718096296962
718096331778
718096348162
718096416770
718096483330
718096593922
718096615426
718096791554
718096836610
718096862210
718096907266
718096914434
718096922626
718096929794
718096949250
718097018882
718097086466
718097122306
718097142786
718097318914
718097388546
718097390594
718097403906
718097414146
718097425410
718097498114
718097536002
718097581058
718097634306
718097645570
718097669122
718097674242
718097679362
718097758210
718097781762
718098083842
718098162690
718098166786
718098176002
718098272258
718098273282
718098290690
718098301954
718098348034
718098427906
718098445314
718098477058
718098478082
718098499586
718099127298
718099129346
718099155970
718099189762
718099206146
718099231746
718099284994
718099336194
718099364866
718099373058
718099374082
718099397634
718099996674
718100009986
718100028418
718100119554
718100131842
718100139010
718100189186
718100231170
718100282370
718100287490
718100300802
718100301826
718100311042
718100332546
718100358146
718100397058
718100399106
718100403202
718100412418
718100422658
718100423682
718100569090
718100621314
718101175298
718101213186
718101331970
718101343234
718101397506
718101682178
718101782530
718102086658
718102803458
718102857730
718102992898
718103126018
718103347202
718103396354
718103540738
718103748610
718103749634
718103894018
718103924738
718103926786
718104007682
718104022018
718104036354
718104073218
718104075266
718104119298
718104161282
718104173570
718104213506
718104219650
718104249346
718104254466
718104285186
718104384514
718104392706
718104404994
718104445954
718104550402
718104565762
718104588290
718104669186
718104700930
718104720386
718104736770
718104768514
718104785922
718104852482
718104896514
718104923138
718104949762
718105007106
718105008130
718105016322
718105019394
718105091074
718105142274
718105184258
718105236482
718105303042
718105344002
718105365506
718105438210
718105441282
718105509890
718105581570
718105610242
718105617410
718105619458
718105630722
718105711618
718105731074
718105743362
718105775106
718105787394
718105811970
718105820162
718105865218
718105885698
718105903106
718105935874
718106035202
718106139650
718106194946
718106293250
718106299394
718106381314
718106456066
718106475522
718106481666
718106670082
718106721282
718106813442
718106818562
718106901506
718106903554
718106910722
718106940418
718106952706
718106953730
718106964994
718106998786
718107223042
718107247618
718107282434
718107292674
718107359234
718107450370
718107461634
718107462658
718107480066
718107493378
718107515906
718107528194
718107620354
718107645954
718107676674
718107679746
718107727874
718107767810
718107772930
718107882498
718107884546
718107890690
718107948034
718107951106
718107958274
718107969538
718107988994
718108075010
718108163074
718108182530
718108201986
718108315650
718108371970
718108388354
718108416002
718108486658
718108509186
718108670978
718108767234
718110095362
718112394242
718112413698
718112470018
718119561218
718119645186
718119651330
718119654402
718119656450
718119717890
718119726082
718119731202
718119821314
718119836674
718119883778
718119892994
718120193026
718120205314
718120228866
718120245250
718120387586
718120435714
718120458242
718120509442
718120534018
718120535042
718120616962
718120647682
718120658946
718120678402
718120844290
718120857602
718120862722
718120909826
718120946690
718121059330
718121162754
718121178114
718121187330
718121214978
718121216002
718121236482
718121237506
718121249794
718121308162
718121314306
718121332738
718121336834
718121337858
718121381890
718121498626
718121521154
718121523202
718121552898
718121572354
718121592834
718121595906
718121617410
718121625602
718121650178
718121658370
718121726978
718121743362
718121761794
718121789442
718122104834
718122236930
718122303490
718122327042
718122392578
718122393602
718122405890
718122409986
718122412034
718122682370
718122693634
718122701826
718122718210
718122739714
718122740738
718122758146
718122759170
718122764290
718122811394
718122818562
718122847234
718123165698
718123188226
718123203586
718123213826
718123223042
718123227138
718123312130
718123331586
718123361282
718123412482
718123417602
718123449346
718123461634
718123466754
718123474946
718123481090
718123511810
718123513858
718123516930
718123567106
718123586562
718123590658
718123608066
718123637762
718123850754
718123918338
718123959298
718124019714
718124035074
718124053506
718124057602
718124118018
718124125186
718124128258
718124144642
718124146690
718124156930
718124175362
718124185602
718124232706
718124243970
718124303362
718124360706
718124361730
718124372994
718124381186
718124465154
718124468226
718124484610
718124568578
718124577794
718124578818
718124590082
718124592130
718124610562
718124652546
718124660738
718124692482
718124700674
718124707842
718124736514
718124754946
718124788738
718124792834
718124793858
718124818434
718124826626
718124895234
718124905474
718124919810
718125038594
718125122562
718125155330
